
strategic_region={
	id=15
	name="STRATEGICREGION_15"
	provinces={
		28 288 673 932 969 1028 1835 1860 1864 2070 2149 2180 2186 2202 2280 2292 2344 2476 2492 2641 2760 3002 3140 3162 3188 3299 3413 3713 3766 3905 3976 4239 4333 4495 4931 5157 5379 5412 5643 5680 5692 5712 5751 5836 5905 5959 6081 6093 7113 7117 7119 7127 7138 7139 7144 7153 7158 7159 7162 7163 7164 7179 7180 7193 7197 7198 7205 7213 7214 7227 7233 7248 7249 7256 7257 7271 7275 7281 7285 7289 7298 7302 7306 7309 7314 7330 7337 7351 7361 7367 7372 7375 7392 7402 7413 7459 7463 7468 7486 7503 7522 7534 7547 7553 7584 
	}
	weather={
	}
}
