
strategic_region={
	id=18
	name="STRATEGICREGION_18"
	provinces={
		124 282 567 986 1208 1611 1706 1755 1784 2024 2042 2162 2297 2516 2913 2960 3391 3472 3514 3558 3729 3805 3917 4066 4096 4378 4474 4520 4734 4800 5087 5089 5152 5306 5320 5372 5420 5475 5564 5567 5589 5623 5658 5708 5904 8123 8133 8139 8154 8157 8163 8171 8175 8196 8203 8212 8213 8216 8223 8224 8229 8238 8245 8246 8252 8272 8288 8327 8359 8363 8377 8391 8398 8407 8437 8461 8488 8518 8528 8549 8556 8564 8571 8596 8600 8605 8610 8617 8627 8683 
	}
	weather={
	}
}
