
strategic_region={
	id=24
	name="STRATEGICREGION_24"
	provinces={
		36 154 331 429 610 626 629 848 987 1163 1259 1430 1447 1501 1712 1726 1745 1892 1977 2174 2200 2270 2300 2340 2343 2349 2891 3167 3191 3204 3265 3438 3448 3826 4069 4151 4194 4398 4435 4482 4539 4607 4615 4642 5022 5121 5255 5259 5300 5348 5425 5476 5513 5943 6012 7348 7360 7389 7401 7412 7427 7429 7437 7455 7477 7489 7519 7589 7619 7626 7637 7641 7727 7735 7736 7749 7754 7766 7775 7789 7803 7818 7828 7845 8013 9937 
	}
	weather={
	}
}
