
strategic_region={
	id=293
	name="STRATEGICREGION_293"
	provinces={
		19 102 460 595 817 850 933 944 1142 1151 1376 1382 1431 1552 1580 1622 1678 1730 1981 2106 2129 2208 2333 2383 2465 2469 2485 2584 2975 3111 3126 3229 3247 3271 3310 3359 3537 3614 3683 3708 3754 3887 4122 4212 4224 4389 4477 4779 4807 4930 5007 5028 5227 5232 5349 5371 5456 5578 5594 5617 5633 5759 5762 5922 7335 7379 7388 7405 7428 7448 7472 7482 7505 7523 7539 7601 7614 7632 7675 7692 7700 7705 7708 7709 7724 7734 7747 7764 7772 7786 7843 7844 7856 7857 7859 7860 7897 7903 7915 7927 7946 7973 7979 8000 8030 8045 8051 
	}
	weather={
	}
}
