
strategic_region={
	id=3
	name="STRATEGICREGION_3"
	provinces={
		251 342 837 1468 1634 1667 1849 1954 1995 2303 2365 2755 2840 2948 3084 3301 3307 3453 3533 3662 3835 3873 3981 4042 4180 4556 4763 4862 5083 5209 5488 5716 5741 5861 5884 5919 6008 6061 7394 7465 7502 7520 7525 7532 7536 7552 7558 7559 7568 7574 7576 7591 7594 7602 7608 7615 7621 7634 7638 7656 7657 7680 7682 7703 7706 7710 7718 7738 7743 7744 7745 7750 7755 7756 7767 7776 7782 7807 7812 7837 7838 7853 7879 11275 
	}
	weather={
	}
}
