
strategic_region={
	id=5
	name="STRATEGICREGION_5"
	provinces={
		439 703 1033 1344 1939 2065 2117 2326 2415 2996 3023 3168 3286 3575 4172 4196 4202 4292 4346 4434 4678 4738 5042 5181 5216 5266 5329 5390 5407 5486 5523 5754 5871 5882 5906 5968 5994 5999 7450 7466 7473 7474 7496 7510 7511 7533 7545 7569 7570 7581 7595 7603 7611 7642 7649 7664 7665 7666 7681 7683 7684 7689 7711 7715 7719 7762 7768 7790 7791 7804 7820 7821 7832 7839 7862 7873 7874 7880 7892 7906 7936 7945 7947 7994 8002 8021 
	}
	weather={
	}
}
