
strategic_region={
	id=72
	name="STRATEGICREGION_72"
	provinces={
		111 682 726 963 1098 1325 1375 1412 1620 1764 1817 1885 2434 2435 2598 2826 2857 3013 3361 3411 3541 3647 3720 3997 4356 4513 4562 4685 4782 4904 4908 5105 5131 5225 5230 5354 5356 5478 5493 5591 5619 5706 5939 5965 8954 9058 9089 9125 9134 9165 9172 9182 9193 9204 9205 9206 9214 9215 9216 9219 9225 9228 9229 9233 9234 9237 9244 9246 9250 9254 9257 9258 9265 9269 9274 9279 9280 9284 9285 9288 9290 9292 9298 9306 9310 9311 9320 9322 9330 9334 9339 
	}
	weather={
	}
}
