
strategic_region={
	id=73
	name="STRATEGICREGION_73"
	provinces={
		381 719 898 1518 1577 1588 1998 2168 2328 2430 2575 3199 4104 4135 4233 4268 4425 4429 4561 4815 5070 5136 5205 5278 5377 5406 5458 5464 5540 5580 5672 5749 5964 6051 9291 9309 9313 9314 9315 9335 9344 9347 9349 9357 9358 9359 9361 9362 9368 9369 9370 9374 9375 9376 9379 9382 9383 9387 9388 9403 9417 9418 9424 9426 9436 9438 9441 9443 9444 9445 9450 9458 9460 9461 9465 9471 9472 9473 9477 9481 9482 9487 9488 9491 
	}
	weather={
	}
}
