
strategic_region={
	id=74
	name="STRATEGICREGION_74"
	provinces={
		142 241 249 351 353 372 448 490 799 888 1024 1249 1271 1373 1742 2060 2067 2370 2411 2438 2479 2518 2609 2714 2730 2782 2792 2800 2835 3183 3513 3555 3763 3830 3837 3968 4020 4055 4158 4169 4191 4229 4242 4296 4310 4384 4625 4646 4725 4943 5044 5060 5203 5289 5369 5514 5520 5524 5598 5629 5669 5747 5779 5791 5898 5916 5987 6928 6931 6944 6948 6954 6976 6985 6992 7000 7006 7015 7017 7020 7023 7024 7031 7038 7039 7040 7046 7051 7052 7056 7065 7066 7076 7079 7080 7084 7091 7099 7108 7111 7112 7114 7122 7130 7131 7136 7137 7141 7142 7156 7157 7165 7175 7183 7184 7188 7189 7210 7219 7253 7315 11262 
	}
	weather={
	}
}
