
strategic_region={
	id=79
	name="STRATEGICREGION_79"
	provinces={
		712 831 961 974 1085 1103 1270 2001 2015 2040 2470 2475 2761 2812 3136 3195 3358 3368 3385 3404 3735 3858 3923 4109 4131 4247 4408 4521 4655 4766 4983 5135 5311 5327 5577 5627 5635 5653 5661 5690 5796 5802 5966 6090 8302 8323 8365 8371 8384 8389 8403 8411 8420 8421 8423 8426 8427 8456 8457 8481 8482 8492 8497 8498 8499 8503 8512 8515 8536 8537 8551 8552 8569 8579 8590 8604 8607 8608 8612 8623 8629 8631 8635 8641 8647 8648 8652 8656 8657 8660 8663 8670 8671 8682 8684 8692 
	}
	weather={
	}
}
