
strategic_region={
	id=84
	name="STRATEGICREGION_84"
	provinces={
		204 267 311 422 547 762 871 1080 1135 1245 1469 1783 1797 1964 2020 2195 2345 2362 2399 2494 2629 2863 2969 3012 3124 3145 3175 3362 3815 3919 4004 4032 4344 4507 4542 4679 4743 4788 4798 4799 4982 5197 5482 5505 5699 5830 5914 6057 7963 7990 8043 8050 8161 8185 8201 8220 8275 8296 8303 8312 8325 8341 8342 8355 8361 8362 8372 8374 8390 8395 8397 8410 8422 8448 8460 8486 8541 8585 8598 8624 8632 8664 8665 8685 8698 8706 8715 8735 9936 9941 9942 9944 9946 9953 11276 
	}
	weather={
	}
}
