
strategic_region={
	id=88
	name="STRATEGICREGION_88"
	provinces={
		513 808 998 1038 1334 1746 1804 1875 1893 1930 2251 2268 2347 2504 2728 2824 2947 3058 3078 3207 3239 3319 3402 3420 3601 3696 3699 3728 4106 4284 4532 4689 4700 4823 4888 4941 5072 5145 5210 5241 5330 5694 5727 5746 5788 5790 5892 5948 5952 7480 7504 7535 7544 7550 7630 7653 7668 7669 7697 7732 7770 7785 7830 7849 7864 7870 7889 7901 7914 7942 7954 7970 8142 8143 8176 8199 8205 8218 8239 8260 8268 8284 8308 8353 8369 
	}
	weather={
	}
}
