
strategic_region={
	id=90
	name="STRATEGICREGION_90"
	provinces={
		378 644 955 1118 1562 1731 1965 2101 2227 2346 2417 2566 2597 2678 2876 2899 3217 3231 3263 3281 3338 3386 3581 3656 3740 3818 3841 3872 3876 3912 4114 4130 4193 4290 4293 4494 4600 4695 4733 5198 5392 5755 6035 7446 7453 7464 7508 7509 7543 7548 7560 7583 7613 7617 7651 7661 7688 7691 7695 7699 7721 7731 7741 7753 7758 7760 7779 7780 7805 7816 7824 7827 7834 7848 7869 7877 7881 7882 7883 7893 7894 7900 7907 7924 7933 7934 7958 7959 7969 7982 7996 8058 8110 
	}
	weather={
	}
}
