1 104 
1 118 
1 159 
1 210 
1 274 
1 352 
1 450 
1 458 
1 511 
1 536 
1 549 
1 618 
1 653 
1 692 
1 855 
1 875 
1 908 
1 970 
1 976 
1 985 
1 986 
1 1002 
1 1025 
1 1084 
1 1094 
1 1102 
1 1179 
1 1184 
1 1286 
1 1310 
1 1395 
1 1443 
1 1489 
1 1491 
1 1669 
1 1691 
1 1722 
1 1736 
1 1849 
1 1898 
1 1899 
1 1922 
1 1925 
1 1942 
1 1975 
1 2006 
1 2042 
1 2076 
1 2099 
1 2109 
1 2113 
1 2140 
1 2166 
1 2291 
1 2297 
1 2326 
1 2327 
1 2356 
1 2364 
1 2373 
1 2413 
1 2444 
1 2481 
1 2496 
1 2508 
1 2534 
1 2601 
1 2626 
1 2697 
1 2745 
1 2879 
1 2930 
1 2961 
1 2999 
1 3140 
1 3427 
1 3438 
1 3504 
1 3525 
1 3576 
1 3654 
1 3707 
1 3786 
1 3792 
1 3857 
1 3882 
1 3965 
1 3978 
1 3988 
1 4002 
1 4044 
1 4153 
1 4195 
1 4256 
1 4370 
1 4376 
1 4377 
1 4395 
1 4430 
1 4463 
1 4465 
1 4483 
1 4499 
1 4520 
1 4539 
1 4604 
1 4709 
1 4800 
1 4822 
1 4887 
1 4912 
1 4923 
1 4949 
1 5042 
1 5051 
1 5116 
1 5170 
1 5195 
1 5270 
1 5272 
1 5297 
1 5340 
1 5472 
1 5476 
1 5495 
1 5535 
1 5579 
1 5609 
1 5643 
1 5660 
1 5677 
1 5825 
1 5860 
1 5867 
1 5868 
1 5912 
1 6009 
1 6043 
1 6047 
1 6054 
1 6065 
1 6855 
1 6939 
1 6991 
1 6996 
1 6999 
1 7042 
1 7045 
1 7057 
1 7082 
1 7174 
1 7192 
1 7222 
1 7228 
1 7248 
1 7258 
1 7419 
1 7430 
1 7451 
1 7466 
1 7519 
1 7531 
1 7537 
1 7557 
1 7602 
1 7612 
1 7628 
1 7656 
1 7762 
1 7826 
1 7952 
1 7986 
1 8053 
1 8073 
1 8091 
1 8163 
1 8165 
1 8194 
1 8288 
1 8298 
1 8386 
1 8405 
1 8413 
1 8610 
1 8711 
1 8714 
1 8744 
1 8759 
1 8854 
1 8902 
1 8942 
1 9020 
1 9062 
1 9087 
1 9106 
1 9128 
1 9141 
1 9178 
1 9255 
1 9276 
1 9333 
1 9396 
1 9499 
1 9505 
1 9508 
1 9523 
1 9535 
1 9563 
1 9584 
1 9599 
1 9620 
1 9641 
1 9660 
1 9692 
1 9698 
1 9737 
1 9793 
1 9805 
1 11344 
