
state={
	id=116
	name="STATE_116"
	resources={
		oil=37
		aluminium=0
		rubber=0
		tungsten=0
		steel=13
		chromium=0
	}

	history={
		owner = OSE
		add_core_of = OSE
		buildings = {
			infrastructure = 1
			arms_factory = 0
			industrial_complex = 2
			air_base = 0
			5860 = {
				naval_base = 3
			}

		}
		victory_points = { 5860 35 }

	}

	provinces={
		7 8 21 39 83 197 233 377 388 442 454 470 515 551 580 587 630 636 787 805 988 1182 1193 1223 1254 1257 1275 1361 1370 1415 1418 1474 1513 1583 1652 1763 1956 1971 1976 1985 2012 2089 2104 2155 2318 2336 2361 2445 2484 2634 2654 2738 2742 2746 2808 2868 2874 2897 3039 3068 3185 3219 3227 3230 3280 3313 3345 3481 3531 3542 3608 3619 3674 3726 3924 4125 4140 4245 4342 4454 4680 4805 4890 4969 5059 5088 5096 5112 5154 5426 5582 5596 5682 5851 5860 5909 5935 6003 6025 6086 6344 6392 6410 6458 6472 6527 6532 6539 6547 6559 6570 6574 6608 6609 6614 6620 6624 6625 6633 6651 6670 6683 6688 6698 6710 6717 6731 6798 6814 6839 6840 6856 6878 6946 
	}
	manpower=3345676
	buildings_max_level_factor=1.000
	state_category=town
	local_supplies=0.000
}
