state={
	id=152
	name="STATE_152"


	history={
		owner = OSE
		add_core_of = OSE
		buildings = {
			infrastructure = 1
			arms_factory = 0
			industrial_complex = 2
			air_base = 0
			6872 = {
				naval_base = 2
			}
		}
		victory_points = { 6855 40 }
	}
	provinces={
		18 70 94 156 254 287 449 508 532 575 659 669 679 739 900 1010 1050 1052 1064 1114 1162 1181 1217 1272 1279 1314 1329 1340 1368 1444 1496 1499 1503 1524 1543 1635 1658 1753 1760 1859 1927 2008 2054 2059 2325 2375 2385 2499 2521 2556 2623 2663 2743 2794 2898 2911 2932 3031 3045 3079 3089 3091 3117 3120 3198 3392 3442 3529 3596 3609 3710 3739 3909 4046 4105 4162 4231 4282 4300 4330 4347 4447 4505 4548 4590 4606 4627 4637 4649 4874 4975 4985 5052 5188 5281 5355 5388 5568 5757 5932 6588 6657 6668 6677 6687 6765 6776 6779 6810 6827 6828 6837 6838 6843 6845 6851 6853 6854 6855 6861 6862 6866 6872 6881 6882 6883 6886 6890 6895 6903 6906 6910 6911 6914 6920 6921 6922 6926 6934 6941 6951 6955 6956 6959 6966 6971 
	}
	resources = {
		oil = 0
		aluminium = 0
		rubber = 0
		tungsten = 0
		steel = 89
		chromium = 0
	}

	state_category = town 
	manpower=4156907
	buildings_max_level_factor=1.000
}
