
state={
	id=213
	name="STATE_213"
	resources={
		oil=0
		aluminium=0
		rubber=0
		tungsten=0
		steel=0
		chromium=0
	}

	history={
		owner = YUK
		add_core_of = YUK
		buildings = {
			infrastructure = 0
			arms_factory = 0
			industrial_complex = 0
			air_base = 0

		}

	}

	provinces={
		33 114 153 289 617 700 749 776 782 830 835 854 1053 1100 1165 1189 1250 1341 1372 1374 1383 1385 1615 1682 1729 2029 2138 2148 2209 2331 2354 2579 2661 2690 2759 2838 2905 3046 3139 3250 3336 3549 3550 3589 3598 3631 3812 3854 3933 3945 4047 4351 4469 4486 4557 4699 4784 4796 4813 4950 5240 5253 5260 5600 5801 5835 6091 6918 6936 6937 6938 6950 6964 6965 6970 6974 6977 6983 6986 6988 6993 6995 7001 7004 7029 7041 7047 7086 7087 7092 7100 7123 7150 7151 7187 7203 7224 7260 7266 7321 7333 9901 
	}
	manpower=1000000
	buildings_max_level_factor=1.000
	state_category=town
	local_supplies=0.000
}
