
state={
	id=214
	name="STATE_214"
	resources={
		oil=0
		aluminium=0
		rubber=0
		tungsten=0
		steel=0
		chromium=0
	}

	history={
		owner = ROH
		add_core_of = ROH
		buildings = {
			infrastructure = 0
			arms_factory = 0
			industrial_complex = 0
			air_base = 0

		}

	}

	provinces={
		249 351 799 888 1249 1271 1373 1742 2060 2067 2370 2411 2438 2609 2714 2782 2792 2800 3183 3513 3555 3830 3837 3968 4020 4055 4158 4169 4191 4229 4242 4310 4384 4625 4725 5044 5060 5289 5514 5520 5598 5629 5669 5747 5779 5987 6928 6931 6944 6948 6954 6976 6985 6992 7000 7006 7017 7020 7023 7024 7038 7039 7040 7046 7052 7065 7066 7076 7080 7091 7099 7112 7122 7130 7131 7136 7137 7141 7142 7156 7157 7165 7175 7184 7189 
	}
	manpower=1000000
	buildings_max_level_factor=1.000
	state_category=town
	local_supplies=0.000
}
